      0.00000000
      0.00000000
      0.00000000
      0.00000000
      0.00000000
      0.00000000
      0.00000000
      0.00000000
      0.00000000
      0.00000000
      0.00000000
      0.00000000
      0.00000000
      0.00000000
      0.00000000
      0.00000000
      0.00000000
      0.00000000
      0.00000000
      0.00000000
      0.00000000
      0.00000000
      0.00000000
      0.00000000
      0.00000000
      0.00000000
      0.00000000
      0.00000000
      0.00000000
      0.00000000
      0.00000000
      0.00000000
      0.00000000
      0.00000000
      0.00000000
      0.00000000
      0.00000000
      0.00000000
      0.00000000
      0.00000000
      0.00000000
      0.00000000
      0.00000000
      0.00000000
      0.00000000
      0.00000000
      0.00000000
      0.00000000
      0.00000000
      0.00000000
      0.00000000
      0.00000000
      0.00000000
      0.00000000
      0.00000001
      0.00000001
      0.00000002
      0.00000002
      0.00000004
      0.00000006
      0.00000008
      0.00000012
      0.00000018
      0.00000026
      0.00000037
      0.00000054
      0.00000077
      0.00000109
      0.00000155
      0.00000218
      0.00000304
      0.00000422
      0.00000583
      0.00000799
      0.00001089
      0.00001474
      0.00001982
      0.00002647
      0.00003511
      0.00004625
      0.00006050
      0.00007857
      0.00010132
      0.00012971
      0.00016483
      0.00020791
      0.00026027
      0.00032336
      0.00039868
      0.00048777
      0.00059218
      0.00071340
      0.00085281
      0.00101166
      0.00119096
      0.00139147
      0.00161367
      0.00185768
      0.00212333
      0.00241005
      0.00271700
      0.00304302
      0.00338672
      0.00374648
      0.00412056
      0.00450714
      0.00490435
      0.00531035
      0.00572337
      0.00614174
      0.00656391
      0.00698849
      0.00741425
      0.00784009
      0.00826511
      0.00868851
      0.00910965
      0.00952802
      0.00994320
      0.01035485
      0.01076272
      0.01116661
      0.01156635
      0.01196179
      0.01235282
      0.01273927
      0.01312098
      0.01349772
      0.01386919
      0.01423500
      0.01459460
      0.01494727
      0.01529202
      0.01562754
      0.01595207
      0.01626326
      0.01655802
      0.01683222
      0.01708040
      0.01729535
      0.01746764
      0.01758491
      0.01763118
      0.01758595
      0.01742344
      0.01711189
      0.01661362
      0.01588624
      0.01488651
      0.01357850
      0.01194845
      0.01002596
      0.00790583
      0.00575967
      0.00381878
      0.00229204
      0.00125345
      0.00063241
      0.00029934
      0.00013602
      0.00006069
      0.00002665
      0.00001121
      0.00000441
      0.00000162
      0.00000057
      0.00000019
      0.00000006
      0.00000002
      0.00000001
      0.00000000
      0.00000000
      0.00000000
      0.00000000
      0.00000000
      0.00000000
      0.00000000
      0.00000000
      0.00000000
      0.00000000
      0.00000000
      0.00000000
      0.00000000
      0.00000000
      0.00000000
      0.00000000
      0.00000000
      0.00000000
      0.00000000
      0.00000000
      0.00000000
      0.00000000
      0.00000000
      0.00000000
      0.00000000
      0.00000000
      0.00000000
      0.00000000
      0.00000000
      0.00000000
      0.00000000
      0.00000000
      0.00000000
      0.00000000
      0.00000000
      0.00000000
      0.00000000
      0.00000000
      0.00000000
      0.00000000
      0.00000000
      0.00000000
      0.00000000
      0.00000000
      0.00000000
      0.00000000
      0.00000000
      0.00000000
      0.00000000
      0.00000000
      0.00000000
      0.00000000
      0.00000000
      0.00000000
      0.00000000
      0.00000000
      0.00000000
      0.00000000
      0.00000000
      0.00000000
      0.00000000
      0.00000000
      0.00000000
      0.00000000
      0.00000000
      0.00000000
      0.00000000
      0.00000000
      0.00000000
      0.00000000
      0.00000000
      0.00000000
      0.00000000
      0.00000000
      0.00000000
      0.00000000
      0.00000000
      0.00000000
      0.00000000
      0.00000000
      0.00000000
      0.00000000
      0.00000000
      0.00000000
      0.00000000
      0.00000000
      0.00000000
      0.00000000
      0.00000000
      0.00000000
      0.00000000
      0.00000000
      0.00000000
      0.00000000
      0.00000000
      0.00000000
      0.00000000
      0.00000000
      0.00000000
      0.00000000
      0.00000000
      0.00000000
      0.00000000
      0.00000000
      0.00000000
      0.00000000
      0.00000000
      0.00000000
      0.00000000
      0.00000000
      0.00000000
      0.00000000
      0.00000000
      0.00000000
      0.00000000
      0.00000000
      0.00000000
      0.00000000
      0.00000000
      0.00000000
      0.00000000
      0.00000000
      0.00000000
      0.00000000
      0.00000000
      0.00000000
      0.00000000
      0.00000000
      0.00000000
      0.00000000
      0.00000000
      0.00000000
      0.00000000
      0.00000000
      0.00000000
      0.00000000
      0.00000000
      0.00000000
      0.00000000
      0.00000000
      0.00000000
      0.00000000
      0.00000000
      0.00000000
      0.00000000
      0.00000000
      0.00000000
      0.00000000
      0.00000000
      0.00000000
      0.00000000
      0.00000000
      0.00000000
      0.00000000
      0.00000000
      0.00000000
      0.00000000
      0.00000000
      0.00000000
      0.00000000
      0.00000000
      0.00000000
      0.00000000
      0.00000000
      0.00000000
      0.00000000
      0.00000000
      0.00000000
      0.00000000
      0.00000000
      0.00000000
      0.00000000
      0.00000000
      0.00000001
      0.00000002
      0.00000006
      0.00000019
      0.00000056
      0.00000162
      0.00000440
      0.00001122
      0.00002672
      0.00006073
      0.00013562
      0.00029757
      0.00062778
      0.00124411
      0.00227654
      0.00379745
      0.00573535
      0.00788180
      0.01000401
      0.01192921
      0.01356215
      0.01487298
      0.01587531
      0.01660492
      0.01710506
      0.01741811
      0.01758183
      0.01762800
      0.01758247
      0.01746576
      0.01729391
      0.01707929
      0.01683137
      0.01655737
      0.01626276
      0.01595167
      0.01562723
      0.01529179
      0.01494709
      0.01459446
      0.01423489
      0.01386910
      0.01349765
      0.01312092
      0.01273923
      0.01235278
      0.01196177
      0.01156632
      0.01116659
      0.01076271
      0.01035484
      0.00994319
      0.00952801
      0.00910965
      0.00868850
      0.00826510
      0.00784009
      0.00741425
      0.00698849
      0.00656391
      0.00614173
      0.00572337
      0.00531035
      0.00490435
      0.00450714
      0.00412056
      0.00374648
      0.00338672
      0.00304302
      0.00271700
      0.00241005
      0.00212332
      0.00185768
      0.00161367
      0.00139147
      0.00119096
      0.00101166
      0.00085281
      0.00071340
      0.00059218
      0.00048777
      0.00039868
      0.00032336
      0.00026027
      0.00020791
      0.00016483
      0.00012971
      0.00010132
      0.00007857
      0.00006050
      0.00004625
      0.00003511
      0.00002647
      0.00001982
      0.00001474
      0.00001089
      0.00000799
      0.00000583
      0.00000422
      0.00000304
      0.00000218
      0.00000155
      0.00000109
      0.00000077
      0.00000054
      0.00000037
      0.00000026
      0.00000018
      0.00000012
      0.00000008
      0.00000006
      0.00000004
      0.00000002
      0.00000002
      0.00000001
      0.00000001
      0.00000000
      0.00000000
      0.00000000
      0.00000000
      0.00000000
      0.00000000
      0.00000000
      0.00000000
      0.00000000
      0.00000000
      0.00000000
      0.00000000
      0.00000000
      0.00000000
      0.00000000
      0.00000000
      0.00000000
      0.00000000
      0.00000000
      0.00000000
      0.00000000
      0.00000000
      0.00000000
      0.00000000
      0.00000000
      0.00000000
      0.00000000
      0.00000000
      0.00000000
      0.00000000
      0.00000000
      0.00000000
      0.00000000
      0.00000000
      0.00000000
      0.00000000
      0.00000000
      0.00000000
      0.00000000
      0.00000000
      0.00000000
      0.00000000
      0.00000000
      0.00000000
      0.00000000
      0.00000000
      0.00000000
      0.00000000
      0.00000000
      0.00000000
      0.00000000
      0.00000000
      0.00000000
      0.00000000
