      0.00000000
     -3.11470887
      2.78058852
      2.39386494
      2.00607654
      1.61555380
      1.22216699
      0.82748582
      0.43389822
      0.04317225
     -0.34459459
     -0.73100722
     -1.11846252
     -1.50882174
     -1.90231817
     -2.29732539
     -2.69126221
     -3.08215050
      2.81339055
      2.42732016
      2.04023785
      1.65006834
      1.25645836
      0.86109190
      0.46676329
      0.07568705
     -0.31182775
     -0.69751984
     -1.08418288
     -1.47413187
     -1.86785933
     -2.26362332
     -2.65839339
     -3.04968773
      2.84611992
      2.46084810
      2.07465860
      1.68496684
      1.29111800
      0.89491187
      0.49964179
      0.10809344
     -0.27913839
     -0.66394063
     -1.04959219
     -1.43898246
     -1.83295628
     -2.22965710
     -2.62549715
     -3.01734289
      2.87876628
      2.49449234
      2.10945616
      1.72042157
      1.32631971
      0.92906153
      0.53256672
      0.14037038
     -0.24653880
     -0.63021355
     -1.01453981
     -1.40315131
     -1.79738315
     -2.19527456
     -2.59252854
     -2.98514186
      2.91131415
      2.52832551
      2.14482649
      1.75672347
      1.36236166
      0.96374378
      0.56559965
      0.17248478
     -0.21404998
     -0.59624446
     -0.97876831
     -1.36625264
     -1.76074094
     -2.16020192
     -2.55940444
     -2.95313280
      2.94372565
      2.56245842
      2.18109711
      1.79437602
      1.39977223
      0.99932094
      0.59883631
      0.20433261
     -0.18179329
     -0.56198474
     -0.94195352
     -1.32771783
     -1.72240278
     -2.12402179
     -2.52609322
     -2.92162939
      2.97555621
      2.59657403
      2.21827008
      1.83373423
      1.43906519
      1.03609069
      0.63203208
      0.23507746
     -0.15096131
     -0.52860895
     -0.90489816
     -1.28780845
     -1.68226758
     -2.08679345
     -2.49335473
     -2.89224627
      3.00464284
      2.62851745
      2.25474984
      1.87405088
      1.48011496
      1.07379408
      0.66400968
      0.26244411
     -0.12441577
     -0.49873981
     -0.86923388
     -1.24681768
     -1.63968632
     -2.04810145
     -2.46220979
     -2.86765746
      3.02752132
      2.65532758
      2.28924055
      1.91628899
      1.52558469
      1.11480054
      0.69454507
      0.28296426
     -0.10748118
     -0.47723182
     -0.83700703
     -1.20237070
     -1.58832856
     -2.00152267
     -2.43165036
     -2.85447514
      3.03301412
      2.66731782
      2.32050554
      1.97380721
      1.60420378
      1.19076913
      0.73368142
      0.27285288
     -0.13844338
     -0.47869086
     -0.75904552
     -1.00560369
     -1.25145860
     -1.53474342
     -1.89560531
     -2.35860691
     -2.88320098
      2.92081846
      2.54584040
      2.25722290
      2.01090396
      1.75954315
      1.45652117
      1.06141530
      0.56786136
      0.04892596
     -0.39351057
     -0.73245689
     -0.99960036
     -1.24193289
     -1.50788603
     -1.84385436
     -2.28177217
     -2.79842253
      2.98832534
      2.58944225
      2.28510069
      2.03424547
      1.78839091
      1.49903572
      1.12277666
      0.64441962
      0.12268502
     -0.33735508
     -0.69326232
     -0.96950549
     -1.21208798
     -1.47003786
     -1.79105873
     -2.21139494
     -2.71991356
      3.05656089
      2.63998492
      2.32237318
      2.06625692
      1.82339325
      1.54476024
      1.18506707
      0.72185175
      0.20022492
     -0.27493531
     -0.64727733
     -0.93349266
     -1.17795735
     -1.42975170
     -1.73730734
     -2.14033671
     -2.63864249
      3.13011243
      2.69634618
      2.36457255
      2.10176887
      1.86032495
      1.59100529
      1.24714051
      0.80007627
      0.28143070
     -0.20735686
     -0.59666421
     -0.89416467
     -1.14199499
     -1.38906523
     -1.68425939
     -2.07004280
     -2.55599963
     -3.07545438
      2.75718924
      2.41020987
      2.13929892
      1.89783330
      1.63652179
      1.30770112
      0.87758572
      0.36482593
     -0.13574251
     -0.54241029
     -0.85247100
     -1.10509713
     -1.34883738
     -1.63284601
     -2.00170603
     -2.47349306
     -2.99500902
      2.82167013
      2.45859916
      2.17822360
      1.93532411
      1.68067654
      1.36592663
      0.95316064
      0.44901511
     -0.06103741
     -0.48512633
     -0.80889434
     -1.06769929
     -1.30950886
     -1.58361123
     -1.93616702
     -2.39241234
     -2.91291438
      2.88908540
      2.50928386
      2.21817757
      1.97245481
      1.72308370
      1.42125565
      1.02582591
      0.53267260
      0.01579985
     -0.42536811
     -0.76381188
     -1.03011504
     -1.27139210
     -1.53694959
     -1.87408270
     -2.31390977
     -2.83040649
      2.95865875
      2.56178970
      2.25881028
      2.00891041
      1.76340074
      1.47320631
      1.09471967
      0.61446463
      0.09364937
     -0.36382974
     -0.71769523
     -0.99273078
     -1.23486178
     -1.49329484
     -1.81610186
     -2.23912403
     -2.74889845
      3.02935959
      2.61542500
      2.29958659
      2.04420289
      1.80112389
      1.52117413
      1.15892234
      0.69294288
      0.17107668
     -0.30155286
     -0.67133906
     -0.95624848
     -1.20061410
     -1.45338625
     -1.76311022
     -2.16935443
     -2.67010995
      3.09968370
      2.66899365
      2.33945547
      2.07729558
      1.83518423
      1.56404924
      1.21717085
      0.76641010
      0.24617658
     -0.24024436
     -0.62631763
     -0.92226695
     -1.17034495
     -1.41894508
     -1.71673518
     -2.10622378
     -2.59596581
     -3.11564386
      2.72027221
      2.37593625
      2.10535476
      1.86256592
      1.59912596
      1.26762138
      0.83381190
      0.31776564
     -0.18208821
     -0.58617378
     -0.89573967
     -1.15000673
     -1.39550919
     -1.67967218
     -2.04728965
     -2.51987379
     -3.04535134
      2.76731422
      2.39883481
      2.11047867
      1.86218438
      1.61547256
      1.33692620
      1.00003564
      0.59249988
      0.13349674
     -0.32496321
     -0.74121382
     -1.11302764
     -1.46065318
     -1.80717348
     -2.17164348
     -2.56571737
     -2.98744255
      2.86540894
      2.45093203
      2.06356978
      1.69740883
      1.33768251
      0.96873465
      0.57947578
      0.16881306
     -0.25140393
     -0.66302018
     -1.05481220
     -1.42848645
     -1.79463918
     -2.16625779
     -2.55332778
     -2.95798961
      2.91121982
      2.50221622
      2.10846811
      1.73023504
      1.35961776
      0.98572229
      0.59962592
      0.19874085
     -0.21087055
     -0.61762540
     -1.01228889
     -1.39356981
     -1.76749016
     -2.14328852
     -2.52894872
     -2.92724441
      2.94957005
      2.54471629
      2.14964542
      1.76621262
      1.38975606
      1.01236168
      0.62686081
      0.23043227
     -0.17343063
     -0.57665684
     -0.97184619
     -1.35685156
     -1.73532785
     -2.11411153
     -2.49965132
     -2.89472107
      2.98658578
      2.58477077
      2.18963951
      1.80345364
      1.42331429
      1.04328038
      0.65755118
      0.26346222
     -0.13683692
     -0.53744281
     -0.93243240
     -1.31953241
     -1.70105903
     -2.08220013
     -2.46818206
     -2.86153978
      3.02261962
      2.62303589
      2.22821158
      1.84038525
      1.45770232
      1.07560893
      0.68937622
      0.29659470
     -0.10138150
     -0.50009676
     -0.89475313
     -1.28316634
     -1.66681819
     -2.04972621
     -2.43618948
     -2.82850123
      3.05758995
      2.65962179
      2.26513037
      1.87623626
      1.49176326
      1.10815213
      0.72147831
      0.32955612
     -0.06678636
     -0.46410425
     -0.85843581
     -1.24772882
     -1.63290589
     -2.01713049
     -2.40399767
     -2.79559318
      3.09189737
      2.69515108
      2.30097337
      1.91134608
      1.52555923
      1.14079424
      0.75374841
      0.36242922
     -0.03270214
     -0.42894175
     -0.82297200
     -1.21288171
     -1.59920112
     -1.98444603
     -2.37165780
     -2.76274169
      3.12580612
      2.73001881
      2.33612967
      1.94597982
      1.55919202
      1.17351799
      0.78615133
      0.39526882
      0.00106696
     -0.39431413
     -0.78806836
     -1.17842332
     -1.56562546
     -1.95168542
     -2.33919727
     -2.72990689
     -3.12372242
      2.76444847
      2.37082324
      1.98029254
      1.59272215
      1.20631336
      0.81866488
      0.42810399
      0.03463251
     -0.36004948
     -0.75355130
     -1.14423282
     -1.53213179
     -1.91885722
     -2.30663971
      0.00000000
