             NaN
     -2.32651297
     -1.93862505
     -1.55190147
     -1.16411306
     -0.77359033
     -0.38020352
      0.01447765
      0.40806525
      0.79879122
      1.18655807
      1.57297070
      1.96042599
      2.35078521
      2.74428165
      3.13928886
     -2.74995963
     -2.35907133
     -1.97142708
     -1.58535669
     -1.19827438
     -0.80810487
     -0.41449489
     -0.01912843
      0.37520018
      0.76627643
      1.15379122
      1.53948331
      1.92614635
      2.31609534
      2.70982281
      3.10558679
     -2.78282845
     -2.39153411
     -2.00415645
     -1.61888463
     -1.23269513
     -0.84300337
     -0.44915453
     -0.05294840
      0.34232168
      0.73387003
      1.12110186
      1.50590410
      1.89155566
      2.28094593
      2.67491976
      3.07162057
     -2.81572469
     -2.42387895
     -2.03680281
     -1.65252887
     -1.26749269
     -0.87845810
     -0.48435624
     -0.08709806
      0.30939675
      0.70159309
      1.08850227
      1.47217702
      1.85650328
      2.24511478
      2.63934662
      3.03723803
     -2.84869329
     -2.45607998
     -2.06935068
     -1.68636204
     -1.30286302
     -0.91476000
     -0.52039819
     -0.12178031
      0.27636382
      0.66947869
      1.05601345
      1.43820793
      1.82073178
      2.20821611
      2.60270441
      3.00216540
     -2.88181739
     -2.48808904
     -2.10176218
     -1.72049495
     -1.33913364
     -0.95241255
     -0.55780876
     -0.15735747
      0.24312716
      0.63763086
      1.02375676
      1.40394821
      1.78391699
      2.16968130
      2.56436625
      2.96598526
     -2.91512862
     -2.51959244
     -2.13359274
     -1.75461056
     -1.37630661
     -0.99177076
     -0.59710172
     -0.19412722
      0.20993139
      0.60688601
      0.99292478
      1.37057242
      1.74686163
      2.12977192
      2.52423105
      2.92875692
     -2.94786711
     -2.54897557
     -2.16267937
     -1.78655398
     -1.41278637
     -1.03208741
     -0.63815149
     -0.23183060
      0.17795379
      0.57951936
      0.96637924
      1.34070328
      1.71119735
      2.08878115
      2.48164979
      2.89006492
     -2.97901204
     -2.57356438
     -2.18555785
     -1.81336411
     -1.44727708
     -1.07432552
     -0.68362122
     -0.27283707
      0.14741840
      0.55899921
      0.94944465
      1.31919529
      1.67897050
      2.04433417
      2.43029203
      2.84348614
     -3.00957147
     -2.58674669
     -2.19105065
     -1.82535435
     -1.47854207
     -1.13184373
     -0.76224031
     -0.34880566
      0.10828205
      0.56911060
      0.98040685
      1.32065433
      1.60100899
      1.84756716
      2.09342207
      2.37670689
      2.73756878
     -3.08261493
     -2.55802086
     -2.07885499
     -1.70387693
     -1.41525943
     -1.16894049
     -0.91757968
     -0.61455770
     -0.21945182
      0.27410211
      0.79303751
      1.23547404
      1.57442036
      1.84156384
      2.08389636
      2.34984950
      2.68581783
      3.12373564
     -2.64279931
     -2.14636187
     -1.74747878
     -1.44313722
     -1.19228200
     -0.94642744
     -0.65707225
     -0.28081319
      0.19754385
      0.71927845
      1.17931855
      1.53522579
      1.81146896
      2.05405145
      2.31200133
      2.63302220
      3.05335841
     -2.72130827
     -2.21459742
     -1.79802145
     -1.48040971
     -1.22429345
     -0.98142978
     -0.70279677
     -0.34310360
      0.12011172
      0.64173855
      1.11689879
      1.48924080
      1.77545613
      2.01992082
      2.27171518
      2.57927081
      2.98230018
     -2.80257934
     -2.28814896
     -1.85438270
     -1.52260908
     -1.25980540
     -1.01836148
     -0.74904182
     -0.40517704
      0.04188720
      0.56053277
      1.04932033
      1.43862768
      1.73612814
      1.98395846
      2.23102870
      2.52622287
      2.91200627
     -2.88522221
     -2.36576746
     -1.91522577
     -1.56824640
     -1.29733545
     -1.05586983
     -0.79455832
     -0.46573765
     -0.03562225
      0.47713755
      0.97770598
      1.38437376
      1.69443447
      1.94706060
      2.19080085
      2.47480948
      2.84366950
     -2.96772878
     -2.44621282
     -1.97970666
     -1.61663569
     -1.33626013
     -1.09336064
     -0.83871307
     -0.52396316
     -0.11119717
      0.39294837
      0.90300088
      1.32708980
      1.65085781
      1.90966277
      2.15147233
      2.42557470
      2.77813049
     -3.04880949
     -2.52830746
     -2.04712193
     -1.66732039
     -1.37621410
     -1.13049134
     -0.88112023
     -0.57929218
     -0.18386244
      0.30929087
      0.82616362
      1.26733159
      1.60577535
      1.87207851
      2.11335557
      2.37891306
      2.71604617
     -3.12731207
     -2.61081535
     -2.11669528
     -1.71982623
     -1.41684681
     -1.16694693
     -0.92143727
     -0.63124284
     -0.25275620
      0.22749885
      0.74831410
      1.20579321
      1.55965870
      1.83469425
      2.07682525
      2.33525831
      2.65806533
      3.08108750
     -2.69232339
     -2.18739612
     -1.77346153
     -1.45762312
     -1.20223942
     -0.95916042
     -0.67921066
     -0.31695886
      0.14902059
      0.67088679
      1.14351633
      1.51330253
      1.79821195
      2.04257758
      2.29534972
      2.60507369
      3.01131790
     -2.77111189
     -2.25772023
     -1.82703018
     -1.49749200
     -1.23533211
     -0.99322076
     -0.72208577
     -0.37520737
      0.07555337
      0.59578689
      1.08220783
      1.46828110
      1.76423042
      2.01230842
      2.26090855
      2.55869865
      2.94818725
     -2.84525602
     -2.32557798
     -1.87830874
     -1.53397278
     -1.26339129
     -1.02060245
     -0.75716249
     -0.42565791
      0.00815157
      0.52419784
      1.02405168
      1.42813725
      1.73770314
      1.99197020
      2.23747266
      2.52163565
      2.88925312
     -2.92134805
     -2.39587050
     -1.92535075
     -1.55687133
     -1.26851520
     -1.02022090
     -0.77350909
     -0.49496273
     -0.15807217
      0.24946359
      0.70846673
      1.16692669
      1.58317729
      1.95499111
      2.30261665
      2.64913695
      3.01360696
     -2.87550447
     -2.45377929
     -2.02344547
     -1.60896856
     -1.22160631
     -0.85544536
     -0.49571904
     -0.12677118
      0.26248769
      0.67315041
      1.09336740
      1.50498365
      1.89677568
      2.27044992
      2.63660265
      3.00822126
     -2.88789405
     -2.48323223
     -2.06925635
     -1.66025274
     -1.26650464
     -0.88827157
     -0.51765429
     -0.14375882
      0.24233755
      0.64322262
      1.05283403
      1.45958887
      1.85425236
      2.23553328
      2.60945363
      2.98525199
     -2.91227312
     -2.51397743
     -2.10760658
     -1.70275282
     -1.30768195
     -0.92424914
     -0.54779259
     -0.17039821
      0.21510266
      0.61153120
      1.01539410
      1.41862031
      1.81380966
      2.19881503
      2.57729132
      2.95607500
     -2.94157052
     -2.54650077
     -2.14462231
     -1.74280730
     -1.34767604
     -0.96149017
     -0.58135082
     -0.20131691
      0.18441229
      0.57850125
      0.97880040
      1.37940629
      1.77439587
      2.16149588
      2.54302250
      2.92416360
     -2.97303977
     -2.57968206
     -2.18065614
     -1.78107241
     -1.38624811
     -0.99842178
     -0.61573884
     -0.23364546
      0.15258725
      0.54536878
      0.94334497
      1.34206023
      1.73671660
      2.12512981
      2.50878166
      2.89168968
     -3.00503236
     -2.61272061
     -2.21562647
     -1.81765832
     -1.42316690
     -1.03427279
     -0.64979979
     -0.26618866
      0.12048516
      0.51240735
      0.90874983
      1.30606772
      1.70039928
      2.08969229
      2.47486936
      2.85909396
     -3.03722417
     -2.64562866
     -2.24993390
     -1.85318761
     -1.45900990
     -1.06938261
     -0.68359576
     -0.29883076
      0.08821506
      0.47953425
      0.87466561
      1.27090522
      1.66493547
      2.05484519
      2.44116459
      2.82640950
     -3.06956404
     -2.67848015
     -2.28384265
     -1.88805534
     -1.49416620
     -1.10401635
     -0.71722855
     -0.33155452
      0.05581214
      0.44669466
      0.84089651
      1.23627760
      1.63003183
      2.02038679
      2.40758893
      2.79364889
     -3.10202456
     -2.71131494
     -2.31749941
     -1.92248500
     -1.52885977
     -1.13832907
     -0.75075868
     -0.36434989
      0.02329859
      0.41385948
      0.80733096
      1.20201295
      1.59551477
      1.98619629
      2.37409526
      2.76082069
     -3.13458213
      0.00000000
