      0.00000000
      0.00000000
      0.00000000
      0.00000000
      0.00000000
      0.00000000
      0.00000000
      0.00000000
      0.00000000
      0.00000000
      0.00000000
      0.00000000
      0.00000000
      0.00000000
      0.00000000
      0.00000000
      0.00000000
      0.00000000
      0.00000000
      0.00000000
      0.00000000
      0.00000000
      0.00000000
      0.00000000
      0.00000000
      0.00000000
      0.00000000
      0.00000000
      0.00000000
      0.00000000
      0.00000000
      0.00000000
      0.00000000
      0.00000000
      0.00000000
      0.00000000
      0.00000000
      0.00000000
      0.00000000
      0.00000000
      0.00000000
      0.00000000
      0.00000000
      0.00000000
      0.00000000
      0.00000000
      0.00000000
      0.00000000
      0.00000000
      0.00000000
      0.00000000
      0.00000000
      0.00000000
      0.00000000
      0.00000000
      0.00000000
      0.00000000
      0.00000000
      0.00000000
      0.00000000
      0.00000000
      0.00000000
      0.00000000
      0.00000000
      0.00000000
      0.00000000
      0.00000000
      0.00000000
      0.00000000
      0.00000000
      0.00000000
      0.00000000
      0.00000000
      0.00000000
      0.00000000
      0.00000000
      0.00000000
      0.00000000
      0.00000000
      0.00000000
      0.00000000
      0.00000000
      0.00000000
      0.00000000
      0.00000000
      0.00000000
      0.00000000
      0.00000000
      0.00000000
      0.00000000
      0.00000000
      0.00000000
      0.00000000
      0.00000000
      0.00000000
      0.00000000
      0.00000000
      0.00000000
      0.00000000
      0.00000000
      0.00000000
      0.00000000
      0.00000000
      0.00000000
      0.00000000
      0.00000000
      0.00000000
      0.00000000
      0.00000000
      0.00000000
      0.00000000
      0.00000000
      0.00000000
      0.00000000
      0.00000000
      0.00000000
      0.00000000
      0.00000000
      0.00000000
      0.00000000
      0.00000000
      0.00000000
      0.00000000
      0.00000000
      0.00000000
      0.00000000
      0.00000000
      0.00000000
      0.00000000
      0.00000000
      0.00000000
      0.00000000
      0.00000000
      0.00000000
      0.00000000
      0.00000000
      0.00000000
      0.00000000
      0.00000000
      0.00000000
      0.00000000
      0.00000000
      0.00000000
      0.00000000
      0.00000000
      0.00000000
      0.00000003
      0.00000017
      0.00000077
      0.00000292
      0.00000914
      0.00002454
      0.00006028
      0.00014028
      0.00029451
      0.00052120
      0.00077421
      0.00100807
      0.00120138
      0.00133998
      0.00141445
      0.00146384
      0.00159388
      0.00183932
      0.00210639
      0.00232810
      0.00250470
      0.00264295
      0.00272652
      0.00274739
      0.00278509
      0.00296200
      0.00323406
      0.00347680
      0.00366011
      0.00380332
      0.00390605
      0.00394344
      0.00393224
      0.00400218
      0.00422996
      0.00449277
      0.00469423
      0.00484184
      0.00495475
      0.00501823
      0.00500947
      0.00499339
      0.00512152
      0.00537490
      0.00560313
      0.00576263
      0.00587947
      0.00596070
      0.00597923
      0.00593382
      0.00594749
      0.00613431
      0.00637997
      0.00656321
      0.00668604
      0.00677456
      0.00681917
      0.00678998
      0.00673089
      0.00680235
      0.00702426
      0.00723653
      0.00737530
      0.00746710
      0.00752613
      0.00752761
      0.00745631
      0.00741703
      0.00755302
      0.00777600
      0.00794263
      0.00804266
      0.00810666
      0.00813166
      0.00808527
      0.00799039
      0.00800298
      0.00818513
      0.00838012
      0.00850020
      0.00856780
      0.00860379
      0.00858813
      0.00849579
      0.00840841
      0.00848774
      0.00868277
      0.00883358
      0.00891238
      0.00895182
      0.00895612
      0.00889373
      0.00876907
      0.00872384
      0.00885930
      0.00903473
      0.00913763
      0.00918192
      0.00919417
      0.00916052
      0.00905016
      0.00892045
      0.00894006
      0.00910140
      0.00923625
      0.00929528
      0.00931033
      0.00929281
      0.00921442
      0.00906499
      0.00896533
      0.00904834
      0.00920084
      0.00928754
      0.00930953
      0.00929753
      0.00924468
      0.00911797
      0.00895199
      0.00891134
      0.00903295
      0.00915072
      0.00919127
      0.00918232
      0.00914192
      0.00904681
      0.00887645
      0.00872745
      0.00875384
      0.00887894
      0.00894980
      0.00895058
      0.00891408
      0.00884066
      0.00869811
      0.00850166
      0.00840265
      0.00847868
      0.00857706
      0.00860017
      0.00856782
      0.00850365
      0.00839056
      0.00820190
      0.00800977
      0.00797741
      0.00806978
      0.00812428
      0.00810494
      0.00804389
      0.00794848
      0.00778970
      0.00756788
      0.00741478
      0.00744016
      0.00751556
      0.00752174
      0.00746676
      0.00737805
      0.00724534
      0.00703984
      0.00681147
      0.00672085
      0.00677451
      0.00681087
      0.00677234
      0.00668690
      0.00656799
      0.00639176
      0.00614895
      0.00594842
      0.00591961
      0.00596673
      0.00595561
      0.00587880
      0.00576485
      0.00561040
      0.00538855
      0.00513167
      0.00498665
      0.00499507
      0.00500939
      0.00495206
      0.00484243
      0.00469815
      0.00450242
      0.00424299
      0.00400534
      0.00392106
      0.00393155
      0.00390052
      0.00380239
      0.00366200
      0.00348261
      0.00324480
      0.00297115
      0.00278169
      0.00273589
      0.00271817
      0.00264004
      0.00250522
      0.00233134
      0.00211321
      0.00184814
      0.00159723
      0.00145774
      0.00140604
      0.00133534
      0.00120078
      0.00101007
      0.00077776
      0.00052526
      0.00029756
      0.00014156
      0.00006043
      0.00002442
      0.00000907
      0.00000290
      0.00000077
      0.00000017
      0.00000003
      0.00000000
      0.00000000
      0.00000000
      0.00000000
      0.00000000
      0.00000000
      0.00000000
      0.00000000
      0.00000000
      0.00000000
      0.00000000
      0.00000000
      0.00000000
      0.00000000
      0.00000000
      0.00000000
      0.00000000
      0.00000000
      0.00000000
      0.00000000
      0.00000000
      0.00000000
      0.00000000
      0.00000000
      0.00000000
      0.00000000
      0.00000000
      0.00000000
      0.00000000
      0.00000000
      0.00000000
      0.00000000
      0.00000000
      0.00000000
      0.00000000
      0.00000000
      0.00000000
      0.00000000
      0.00000000
      0.00000000
      0.00000000
      0.00000000
      0.00000000
      0.00000000
      0.00000000
      0.00000000
      0.00000000
      0.00000000
      0.00000000
      0.00000000
      0.00000000
      0.00000000
      0.00000000
      0.00000000
      0.00000000
      0.00000000
      0.00000000
      0.00000000
      0.00000000
      0.00000000
      0.00000000
      0.00000000
      0.00000000
      0.00000000
      0.00000000
      0.00000000
      0.00000000
      0.00000000
      0.00000000
      0.00000000
      0.00000000
      0.00000000
      0.00000000
      0.00000000
      0.00000000
      0.00000000
      0.00000000
      0.00000000
      0.00000000
      0.00000000
      0.00000000
      0.00000000
      0.00000000
      0.00000000
      0.00000000
      0.00000000
      0.00000000
      0.00000000
      0.00000000
      0.00000000
      0.00000000
      0.00000000
      0.00000000
      0.00000000
      0.00000000
      0.00000000
      0.00000000
      0.00000000
      0.00000000
      0.00000000
      0.00000000
      0.00000000
      0.00000000
      0.00000000
      0.00000000
      0.00000000
      0.00000000
      0.00000000
      0.00000000
      0.00000000
      0.00000000
      0.00000000
      0.00000000
      0.00000000
      0.00000000
      0.00000000
      0.00000000
      0.00000000
      0.00000000
      0.00000000
      0.00000000
      0.00000000
      0.00000000
      0.00000000
      0.00000000
      0.00000000
      0.00000000
      0.00000000
      0.00000000
      0.00000000
      0.00000000
      0.00000000
      0.00000000
      0.00000000
      0.00000000
      0.00000000
      0.00000000
      0.00000000
      0.00000000
      0.00000000
      0.00000000
      0.00000000
      0.00000000
      0.00000000
      0.00000000
      0.00000000
