      0.00000000
      2.34802381
      1.95739880
      1.56677379
      1.17614877
      0.78552376
      0.39489874
      0.00427372
     -0.38635130
     -0.77697632
     -1.16760134
     -1.55822637
     -1.94885139
     -2.33947641
     -2.73010143
     -3.12072646
      2.77183383
      2.38120880
      1.99058378
      1.59995876
      1.20933373
      0.81870871
      0.42808368
      0.03745866
     -0.35316636
     -0.74379139
     -1.13441641
     -1.52504144
     -1.91566646
     -2.30629149
     -2.69691652
     -3.08754154
      2.80501874
      2.41439371
      2.02376869
      1.63314366
      1.24251863
      0.85189360
      0.46126858
      0.07064355
     -0.31998148
     -0.71060651
     -1.10123154
     -1.49185657
     -1.88248160
     -2.27310663
     -2.66373166
     -3.05435669
      2.83820359
      2.44757856
      2.05695353
      1.66632850
      1.27570346
      0.88507843
      0.49445340
      0.10382837
     -0.28679667
     -0.67742170
     -1.06804674
     -1.45867177
     -1.84929681
     -2.23992184
     -2.63054688
     -3.02117192
      2.87138835
      2.48076332
      2.09013828
      1.69951324
      1.30888820
      0.91826316
      0.52763812
      0.13701307
     -0.25361197
     -0.64423701
     -1.03486206
     -1.42548710
     -1.81611215
     -2.20673719
     -2.59736224
     -2.98798729
      2.90457297
      2.51394792
      2.12332286
      1.73269781
      1.34207276
      0.95144770
      0.56082264
      0.17019758
     -0.22042748
     -0.61105254
     -1.00167761
     -1.39230267
     -1.78292774
     -2.17355281
     -2.56417789
     -2.95480296
      2.93775727
      2.54713218
      2.15650710
      1.76588201
      1.37525692
      0.98463182
      0.59400673
      0.20338162
     -0.18724348
     -0.57786860
     -0.96849371
     -1.35911883
     -1.74974396
     -2.14036909
     -2.53099423
     -2.92161937
      2.97094079
      2.58031564
      2.18969048
      1.79906531
      1.40844014
      1.01781496
      0.62718978
      0.23656458
     -0.15406061
     -0.54468582
     -0.93531103
     -1.32593625
     -1.71656148
     -2.10718671
     -2.49781195
     -2.88843720
      3.00412285
      2.61349758
      2.22287231
      1.83224703
      1.44162175
      1.05099645
      0.66037115
      0.26974584
     -0.12087948
     -0.51150481
     -0.90213015
     -1.29275550
     -1.68338086
     -2.07400623
     -2.46463161
     -2.85525701
      3.03730288
      2.64667745
      2.25605202
      1.86542681
      1.47480240
      1.08417754
      0.69353383
      0.30280083
     -0.08811836
     -0.47896473
     -0.86801489
     -1.25093716
     -1.62213546
     -1.97878258
     -2.32366427
     -2.66504236
     -3.01444021
      2.90132259
      2.51470388
      2.11992570
      1.73339252
      1.36674591
      1.02175950
      0.69094322
      0.36036094
      0.01299712
     -0.36319082
     -0.76347250
     -1.16733145
     -1.55391195
     -1.91324318
     -2.24839390
     -2.57207426
     -2.90292296
      3.02256972
      2.63013479
      2.21807843
      1.81303264
      1.43452183
      1.08711498
      0.76194117
      0.44164039
      0.10411881
     -0.26936762
     -0.67720293
     -1.09424539
     -1.49270063
     -1.85809234
     -2.19253493
     -2.51017630
     -2.83218198
      3.10081479
      2.70924729
      2.29039594
      1.87544770
      1.48903400
      1.13857795
      0.81547846
      0.50123801
      0.17173574
     -0.19579537
     -0.60418349
     -1.02774857
     -1.43437509
     -1.80559772
     -2.14161474
     -2.45655445
     -2.77243012
     -3.11507850
      2.78107228
      2.36029904
      1.93878446
      1.54520476
      1.19020159
      0.86648896
      0.55554016
      0.23253469
     -0.12784221
     -0.53328849
     -0.96009463
     -1.37343500
     -1.75108511
     -2.09064524
     -2.40532571
     -2.71711531
     -3.05270038
      2.84993456
      2.43029120
      2.00432395
      1.60393015
      1.24319295
      0.91687759
      0.60714894
      0.28925731
     -0.06358490
     -0.46377495
     -0.89134061
     -1.31016107
     -1.69456818
     -2.03911051
     -2.35540974
     -2.66484194
     -2.99415733
      2.91602915
      2.49987388
      2.07136082
      1.66472248
      1.29750301
      0.96709276
      0.65710300
      0.34399226
     -0.00122322
     -0.40583091
     -0.81450758
     -1.16502894
     -1.48032217
     -1.78950902
     -2.11682533
     -2.47970646
     -2.88262562
      2.97293119
      2.55366332
      2.17540383
      1.84233732
      1.53209424
      1.21762575
      0.87682456
      0.49671511
      0.08063100
     -0.34771692
     -0.75232239
     -1.11010973
     -1.43053042
     -1.73991298
     -2.06353980
     -2.42016852
     -2.81672532
      3.04188638
      2.61979349
      2.23419990
      1.89455361
      1.58149063
      1.26817514
      0.93195309
      0.55842619
      0.14804718
     -0.27893157
     -0.68819155
     -1.05347169
     -1.37936029
     -1.69042312
     -2.01193065
     -2.36322268
     -2.75306542
      3.11034641
      2.68781574
      2.29621277
      1.94941491
      1.63188488
      1.31782183
      0.98462025
      0.61713502
      0.21346317
     -0.20978804
     -0.62125674
     -0.99335945
     -1.32591866
     -1.64069314
     -1.96213961
     -2.30946070
     -2.69249766
     -3.10559034
      2.75762774
      2.36221054
      2.00807426
      1.68416269
      1.36689549
      1.03460730
      0.67230875
      0.27649240
     -0.13996171
     -0.55007864
     -0.92747588
     -1.26798058
     -1.58918542
     -1.91336741
     -2.25847309
     -2.63434052
     -3.03777765
      2.83271691
      2.43736060
      2.07627077
      1.74340264
      1.41949266
      1.08553724
      0.72818143
      0.34337235
     -0.06005288
     -0.46189450
     -0.84102010
     -1.19105010
     -1.52300616
     -1.85388846
     -2.19804336
     -2.56357046
     -2.94947075
      2.93841838
      2.55003385
      2.18030466
      1.82899348
      1.48654541
      1.14138749
      0.78498702
      0.41423113
      0.03167714
     -0.35717862
     -0.74795499
     -1.13885660
     -1.52958667
     -1.92022959
     -2.31085351
     -2.70147688
     -3.09210111
      2.80045970
      2.40983513
      2.01921055
      1.62858594
      1.23796133
      0.84733670
      0.45671205
      0.06608740
     -0.32453726
     -0.71516193
     -1.10578661
     -1.49641130
     -1.88703600
     -2.27766070
     -2.66828541
     -3.05891014
      2.83365044
      2.44302571
      2.05240096
      1.66177621
      1.27115145
      0.88052669
      0.48990191
      0.09927713
     -0.29134766
     -0.68197245
     -1.07259725
     -1.46322206
     -1.85384688
     -2.24447170
     -2.63509653
     -3.02572136
      2.86683911
      2.47621426
      2.08558941
      1.69496455
      1.30433969
      0.91371482
      0.52308994
      0.13246506
     -0.25815982
     -0.64878471
     -1.03940960
     -1.43003450
     -1.82065940
     -2.21128430
     -2.60190921
     -2.99253412
      2.90002627
      2.50940135
      2.11877643
      1.72815150
      1.33752658
      0.94690165
      0.55627672
      0.16565178
     -0.22497315
     -0.61559809
     -1.00622303
     -1.39684797
     -1.78747291
     -2.17809786
     -2.56872280
     -2.95934775
      2.93321261
      2.54258766
      2.15196271
      1.76133776
      1.37071281
      0.98008786
      0.58946290
      0.19883795
     -0.19178701
     -0.58241197
     -0.97303692
     -1.36366188
     -1.75428684
     -2.14491180
     -2.53553676
     -2.92616172
      2.96639862
      2.57577366
      2.18514870
      1.79452374
      1.40389877
      1.01327381
      0.62264884
      0.23202388
     -0.15860109
     -0.54922605
     -0.93985102
     -1.33047599
     -1.72110095
     -2.11172592
     -2.50235089
     -2.89297586
      2.99958448
      2.60895951
      2.21833454
      1.82770957
      1.43708460
      1.04645963
      0.65583466
      0.26520969
     -0.12541528
     -0.51604025
     -0.90666522
     -1.29729019
     -1.68791517
     -2.07854014
     -2.46916511
     -2.85979008
      3.03277025
      2.64214528
      2.25152030
      1.86089533
      1.47027035
      1.07964538
      0.68902040
      0.29839543
     -0.09222955
     -0.48285452
     -0.87347950
     -1.26410447
     -1.65472945
     -2.04535442
     -2.43597940
     -2.82660438
      3.06595595
      2.67533098
      2.28470600
      1.89408102
      1.50345605
      1.11283107
      0.72220609
      0.33158111
     -0.05904386
     -0.44966884
     -0.84029382
     -1.23091880
     -1.62154378
     -2.01216877
     -2.40279375
     -2.79341874
      3.09914157
      0.00000000
