      0.00000000
     -0.04613288
      0.34449213
      0.73511714
      1.12574216
      1.51636717
      1.90699219
      2.29761721
      2.68824223
      3.07886725
     -2.81369303
     -2.42306801
     -2.03244299
     -1.64181797
     -1.25119294
     -0.86056792
     -0.46994290
     -0.07931787
      0.31130715
      0.70193217
      1.09255720
      1.48318222
      1.87380724
      2.26443227
      2.65505729
      3.04568232
     -2.84687796
     -2.45625294
     -2.06562791
     -1.67500289
     -1.28437786
     -0.89375284
     -0.50312781
     -0.11250278
      0.27812224
      0.66874727
      1.05937230
      1.44999733
      1.84062235
      2.23124738
      2.62187241
      3.01249744
     -2.88006284
     -2.48943781
     -2.09881278
     -1.70818775
     -1.31756272
     -0.92693769
     -0.53631266
     -0.14568763
      0.24493740
      0.63556243
      1.02618746
      1.41681250
      1.80743753
      2.19806256
      2.58868760
      2.97931263
     -2.91324764
     -2.52262261
     -2.13199757
     -1.74137254
     -1.35074750
     -0.96012246
     -0.56949742
     -0.17887239
      0.21175265
      0.60237769
      0.99300273
      1.38362777
      1.77425281
      2.16487785
      2.55550290
      2.94612794
     -2.94643232
     -2.55580728
     -2.16518223
     -1.77455718
     -1.38393214
     -0.99330709
     -0.60268204
     -0.21205699
      0.17856806
      0.56919312
      0.95981817
      1.35044323
      1.74106829
      2.13169335
      2.52231841
      2.91294347
     -2.97961677
     -2.58899171
     -2.19836664
     -1.80774157
     -1.41711649
     -1.02649142
     -0.63586634
     -0.24524126
      0.14538383
      0.53600892
      0.92663401
      1.31725910
      1.70788420
      2.09850931
      2.48913441
      2.87975953
     -3.01280067
     -2.62217554
     -2.23155042
     -1.84092529
     -1.45030015
     -1.05967501
     -0.66904986
     -0.27842471
      0.11220045
      0.50282562
      0.89345079
      1.28407597
      1.67470115
      2.06532635
      2.45595154
      2.84657675
     -3.04598335
     -2.65535813
     -2.26473290
     -1.87410767
     -1.48348242
     -1.09285718
     -0.70223192
     -0.31160666
      0.07901862
      0.46964390
      0.86026918
      1.25089448
      1.64151978
      2.03214509
      2.42277041
      2.81339574
     -3.07916423
     -2.68853888
     -2.29791352
     -1.90728815
     -1.51666276
     -1.12603737
     -0.73541195
     -0.34478652
      0.04583891
      0.43646412
      0.82708853
      1.21771339
      1.60835710
      1.99909010
      2.39000929
      2.78085566
     -3.11327949
     -2.73035722
     -2.35915891
     -2.00251179
     -1.65763011
     -1.31625202
     -0.96685417
     -0.59943166
     -0.21281295
      0.18196523
      0.56849841
      0.93514502
      1.28013143
      1.61094771
      1.94152999
      2.28889381
      2.66508175
      3.06536343
     -2.81396293
     -2.42738242
     -2.06805120
     -1.73290048
     -1.40922012
     -1.07837141
     -0.72067879
     -0.32824386
      0.08381250
      0.48885829
      0.86736910
      1.21477595
      1.53994976
      1.86025054
      2.19777212
      2.57125855
      2.97909386
     -2.88704899
     -2.48859374
     -2.12320204
     -1.78875945
     -1.47111808
     -1.14911239
     -0.79892386
     -0.40735636
      0.01149498
      0.42644323
      0.81285693
      1.16331297
      1.48641247
      1.80065292
      2.13015519
      2.49768630
      2.90607442
     -2.95354580
     -2.54691929
     -2.17569666
     -1.83967964
     -1.52473992
     -1.20886426
     -0.86621588
     -0.47918135
     -0.05840811
      0.36310647
      0.75668617
      1.11168934
      1.43540197
      1.74635077
      2.06935624
      2.42973314
      2.83517942
     -3.02119975
     -2.60785938
     -2.23020927
     -1.89064914
     -1.57596867
     -1.26417906
     -0.92859400
     -0.54804363
     -0.12840028
      0.29756698
      0.69796078
      1.05869798
      1.38501333
      1.69474199
      2.01263362
      2.36547583
      2.76566587
     -3.08995377
     -2.67113331
     -2.28672620
     -1.94218387
     -1.62588464
     -1.31645244
     -0.98713705
     -0.61413822
     -0.19798296
      0.23053009
      0.63716834
      1.00438704
      1.33479085
      1.64472663
      1.95739647
      2.29945035
      2.69140724
      3.08748176
     -2.84832016
     -2.53346549
     -2.22433246
     -1.89702258
     -1.53414221
     -1.13122315
     -0.70359466
     -0.28432679
      0.09393269
      0.42699920
      0.73724228
      1.05171077
      1.39251196
      1.77262141
      2.18870552
      2.61705345
      3.02165891
     -2.90373905
     -2.58331836
     -2.27393580
     -1.95030899
     -1.59368027
     -1.19712346
     -0.77254986
     -0.35045697
      0.03513662
      0.37478291
      0.68784589
      1.00116139
      1.33738343
      1.71091033
      2.12128934
      2.54826809
      2.95752807
     -2.96037709
     -2.63448849
     -2.32342567
     -2.00191813
     -1.65062611
     -1.26078337
     -0.84100989
     -0.41847922
     -0.02687625
      0.31992161
      0.63745164
      0.95151469
      1.28471627
      1.65220150
      2.05587336
      2.47912456
      2.89059326
     -3.02048934
     -2.68793013
     -2.37315564
     -2.05170918
     -1.70438808
     -1.32135113
     -0.90825845
     -0.48829122
     -0.09287402
      0.26126226
      0.58517383
      0.90244103
      1.23472922
      1.59702777
      1.99284412
      2.40929823
      2.81941516
     -3.08637291
     -2.74586820
     -2.42466336
     -2.10048138
     -1.75537570
     -1.37950827
     -0.97607113
     -0.56338039
     -0.16802408
      0.19306576
      0.52593388
      0.84984386
      1.18379929
      1.54115509
      1.92596418
      2.32938940
      2.73123102
      3.11035663
     -2.82279868
     -2.49084262
     -2.15996033
     -1.81580542
     -1.45027832
     -1.06437803
     -0.66908186
     -0.28069732
      0.08903186
      0.44034304
      0.78279111
      1.12794903
      1.48434950
      1.85510539
      2.23765938
      2.62651514
      3.01729151
     -2.87499218
     -2.48426212
     -2.09361920
     -1.70299528
     -1.31237190
     -0.92174768
     -0.53112317
     -0.14049861
      0.25012598
      0.64075058
      1.03137520
      1.42199983
      1.81262447
      2.20324912
      2.59387378
      2.98449845
     -2.90806218
     -2.51743749
     -2.12681279
     -1.73618808
     -1.34556337
     -0.95493865
     -0.56431392
     -0.17368919
      0.21693556
      0.60756031
      0.99818507
      1.38880984
      1.77943461
      2.17005939
      2.56068418
      2.95130897
     -2.94125153
     -2.55062672
     -2.16000191
     -1.76937709
     -1.37875226
     -0.98812743
     -0.59750258
     -0.20687774
      0.18374711
      0.57437197
      0.96499684
      1.35562170
      1.74624658
      2.13687146
      2.52749634
      2.91812123
     -2.97443918
     -2.58381429
     -2.19318939
     -1.80256448
     -1.41193957
     -1.02131466
     -0.63068975
     -0.24006483
      0.15056009
      0.54118502
      0.93180994
      1.32243487
      1.71305980
      2.10368474
      2.49430967
      2.88493461
     -3.00762576
     -2.61700082
     -2.22637587
     -1.83575093
     -1.44512599
     -1.05450104
     -0.66387609
     -0.27325114
      0.11737381
      0.50799876
      0.89862371
      1.28924867
      1.67987362
      2.07049857
      2.46112353
      2.85174849
     -3.04081186
     -2.65018690
     -2.25956195
     -1.86893699
     -1.47831203
     -1.08768706
     -0.69706210
     -0.30643714
      0.08418782
      0.47481278
      0.86543775
      1.25606271
      1.64668768
      2.03731264
      2.42793761
      2.81856257
     -3.07399777
     -2.68337280
     -2.29274783
     -1.90212287
     -1.51149790
     -1.12087293
     -0.73024796
     -0.33962299
      0.05100198
      0.44162695
      0.83225192
      1.22287689
      1.61350186
      2.00412683
      2.39475180
      2.78537677
     -3.10718356
     -2.71655859
     -2.32593362
     -1.93530865
     -1.54468367
     -1.15405870
     -0.76343373
     -0.37280875
      0.01781622
      0.40844119
      0.79906617
      1.18969114
      1.58031612
      1.97094109
      2.36156607
      2.75219104
     -3.14036929
     -2.74974431
     -2.35911934
     -1.96849436
     -1.57786939
     -1.18724441
     -0.79661943
     -0.40599446
     -0.01536948
      0.37525550
      0.76588047
      1.15650545
      1.54713043
      1.93775541
      2.32838039
      2.71900537
      3.10963034
     -2.78292998
     -2.39230500
     -2.00168002
     -1.61105503
     -1.22043004
     -0.82980505
      0.00000000
